x,y
1.0709237361710555,0.10671383109851065
